6.943669 6.956414 
3.863372 -3.179822 
7.479049 0.035599 
2.722780 -0.759215 
7.504685 -2.473687 
6.136369 7.186511 
5.142204 -3.654461 
3.431942 6.877210 
2.568781 7.470799 
6.485244 7.416331 
6.082399 -3.007380 
2.785397 -3.078278 
4.584762 -5.292010 
5.982497 -2.849705 
7.702717 4.262289 
7.882780 0.823410 
2.028964 1.259867 
5.028364 -3.100910 
4.775562 -5.806656 
6.543223 -1.670509 
6.624567 7.840587 
1.970161 3.700347 
2.789771 -3.215892 
7.752161 -0.877497 
6.487453 -2.908464 
7.441706 -0.457024 
2.416857 -2.006900 
2.375129 0.314316 
6.833214 0.025482 
7.974120 2.808571 
7.211420 -1.487212 
2.384697 4.629564 
7.906399 1.642699 
4.940312 -2.527724 
6.739861 7.652989 
6.851925 6.204898 
2.594921 -1.592556 
4.975183 7.767815 
3.640900 5.898707 
2.633963 2.589532 
2.495320 5.282087 
2.734253 5.471611 
2.676895 -2.395430 
6.404217 6.354402 
6.045036 5.734545 
7.389045 4.839189 
3.847061 7.538169 
5.348442 -5.016384 
5.392913 8.420645 
4.853420 -4.261808 
4.131120 -3.718350 
6.439174 -4.790832 
6.289042 -4.058555 
4.159888 8.188762 
3.995854 6.797436 
2.060171 1.296461 
3.859529 9.318816 
6.470809 -2.428759 
5.954352 -2.537192 
2.234747 2.257185 
4.664722 9.155501 
3.737271 -3.040276 
5.415394 9.919628 
2.142557 2.717622 
2.785038 5.297952 
2.068085 2.577277 
7.981283 2.141722 
5.088078 -4.038877 
7.697508 1.723183 
5.325731 7.708451 
2.147194 0.637131 
7.714925 3.518716 
4.977362 -4.548395 
2.657172 -2.530546 
6.720098 -2.750229 
7.823925 0.983773 
7.789227 0.869608 
2.406499 5.465912 
8.124483 3.034249 
1.969186 0.335981 
5.725990 7.708082 
5.599573 9.146850 
3.679440 8.800705 
7.517902 5.434984 
4.972658 -2.306801 
4.948914 -3.524008 
2.052419 0.756242 
3.470402 9.295346 
6.444968 -1.679208 
2.204346 0.961182 
8.002657 0.820589 
7.120281 -2.280023 
3.319414 6.590761 
2.063397 2.097367 
3.419272 4.905064 
3.004756 -2.820644 
5.719447 -3.933177 
4.939946 -3.849710 
7.460787 4.473031 
6.296560 -2.860855 
