50.31137123044898 97514.55772266522
18.169233533689287 72718.38992872025
71.74256781193961 36062.09685571029
96.27029051621076 80582.64743130594
77.59633815235316 58552.12177428014
17.748751624001248 47226.924585552675
16.839518681017264 62538.35630933824
90.65020842797938 65200.322617691876
88.69071026833609 88595.87356683153
23.988370138476412 6396.332428418872
67.36600816362606 75603.32658491364
10.238559138761016 19896.237377408266
2.8118723062097173 68669.95809467086
6.732670776120986 40419.27066055624
3.964127686958663 97539.07969817451
97.61056651939136 9872.39599798888
77.25617689302275 58851.412589030624
10.37777859762169 87437.97418199718
87.36209153469191 60597.43375860026
69.18085691918775 13869.256259672658
91.13460717679212 37035.60312011682
45.09699577410815 61365.95999922298
93.17185526361035 62178.98860418403
85.2477862239128 66040.02525875441
96.94035665800591 90465.49781418088
52.7017677801815 42292.04719574112
95.08317072947135 27172.37592726045
86.94616626391264 47486.20674870211
75.70705208706205 77545.97188164559
42.18490579209042 38368.882912633686
98.45843643757179 64310.23441302482
22.58037426539129 4970.251640446921
59.7289723185061 90847.52161168128
32.51910245204472 91589.66403940482
62.300915177036956 91636.02575008062
37.26167383425366 98585.32026577616
35.71059272363456 40702.72860429139
64.55601980322257 57905.50744568322
61.405583372064676 67478.74186420575
27.235611857733698 97605.13243883311
44.55098871341296 52569.62006606024
90.34837468148169 94528.05712233328
31.139523374837697 24673.713102538775
78.86134422943397 3750.4332484583515
30.784569537443097 77189.1513172746
22.194410667343433 23451.243762335827
46.18151112386332 93128.95672949219
2.4107844458464256 11699.885842937052
49.00537379263965 59908.08324995125
53.55486297573102 21813.148569166675
26.662103024587935 26195.07580910636
35.767269635586565 35369.21969161729
83.80993563463582 10379.530717711637
83.32368876546562 65824.83876086707
43.35495949886291 71617.70232987897
57.621293395512865 20548.807138910786
13.120843144240668 71067.97434807746
50.084740130789775 59730.4300046543
66.81028836074982 66723.70862658267
73.24769737343793 90863.60352786875
15.855985530311688 72447.12559959231
64.84804431669272 49046.784063878265
72.91852916242028 10202.717881412304
98.98817183516518 82766.34269461196
61.55895676247367 8356.251355981447
36.600591690446706 79420.95328541537
88.17377597832416 93227.33663203917
53.700338213508616 91141.88898891295
27.849656513941124 44371.17248360721
51.612373699816935 49264.19226584887
4.126026706228392 9400.260206691491
61.23581714819042 59364.35536963955
16.376482323149723 58001.80918092104
84.4256015483727 67625.43770103033
86.16543024962924 44575.0101088302
46.07842904102794 97563.22844254076
8.656534931580651 65988.62228740529
4.160438013792511 10435.560457065152
74.79403652270732 49776.18493123431
80.56058710860806 87533.72593938753
82.22016796172409 66567.2571232042
36.19948912433064 59428.534313987344
46.892952715814964 19151.187382180346
73.54647692393958 32167.24653390949
29.415838953448905 57442.652653778525
27.917971689340593 70805.21996743618
83.85448268391634 60536.057016686405
35.9773668930148 9956.345935923671
50.13870340453288 57916.180769879444
11.514865253160988 38.86025853039321
74.68897868111296 40245.361811661016
70.71334233786752 35686.38475491812
0.7978903613109045 96127.43183909319
99.64774293092407 54854.810482198576
64.1094638003971 57788.17626427011
15.56904304329294 23662.31751887593
88.4279734198962 6474.237454070919
4.6582402276707295 88679.51372002617
75.70096957513705 24283.820334396845
98.7238338482833 4248.711624082824
